272
35
25
132
77
29
389
117
186
173
126
65
217
108
243
22
182
223
221
12
88
279
135
194
163
245
57
327
72
161
153
320
330
10
78
76
13
60
354
81
208
28
385
197
285
170
238
332
328
287
379
287 355
188
139
308
56
50
210
121
156
323
167
304
226
222
6
336
90
4
112
32
368
192
142
317
249
390
275
71
343
190
340
313
392
313 340 386
311
109
9
200
171
145
67
11
68
52
24
70
394
59
30
255
43
338
94
342
164
133
116
48
21
41
18
111
36
47
174
284
256
95
46
244
49
305
74
319
260
288
229
378
15
233
155
79
61
20
93
34
5
333
114
152
257
363
136
127
234
8
263
75
176
230
216
282
80
398
315
398 80 282 382
318
198
146
3
33
236
44
377
38
19
215
207
103
69
373
157
26
344
110
228
195
118
293
265
218
240
306
365
374
387
227
387 374 365 306 240 218 265 293 118 269
124
252
168
252 124 269 118 195 228 110 344 26 219
97
281
239
281 375
86
314
358
314 86 375 281 97 219 26 157 373 69 103 207 203
150
212
213
212 150 203 207 215 19 38 377 44 236 33 3 146 198 396
198 290
198 318 382 282 216 246
326
254
23
362
98
316
7
51
147
31
151
62
143
101
296
357
291
357 296 101 143 62 151 89
258
37
383
100
191
130
45
165
381
178
325
250
73
1
264
166
99
292
189
160
341
187
298
144
96
183
125
370
286
206
205
17
102
53
278
58
180
91
283
159
120
273
199
63
39
247
16
54
169
66
312
175
106
87
360
224
162
177
204
179
339
271
339 303
40
122
92
134
113
158
129
364
138
55
42
0
181
27
321
115
295
154
149
388
253
262
259
376
274
289
64
128
107
231
137
105
131
105 329
105 137 345
372
351
211
119
148
2
251
14
82
209
83
185
85
84
140
331
391
104
193
307
196
352
395
248
299
184
261
367
350
141
277
141 350 367 261 184 299 248 395 352 196 397
214
123
335
232
353
225
366
276
366 356
366 225 353 232 335 123 214 397 196 307 334
324
334 307 193 104 391 331 140 84 85 185 83 209 82 14 251 2 148 119 211 351 372 345 137 231 107 128 64 289 274 376 346
268
237
220
237 268 346 376 259 262 253 388 149 154 295 115 321 27 181 0 42 55 138 364 129 158 113 134 92 122 40 303 339 179 266
179 204 177 162 224 360 87 106 175 312 66 169 54 202
235
361
201
302
201 361 235 202 54 16 247 39 63 199 273 241
310
309
270
309 393
349
393 309 310 241 273 120 159 283 91 180 58 278 53 102 17 205 206 286 370 125 183 96 144 298 348
267
399
300
399 267 348 298 187 341 160 322
160 189 292 99 166 264 1 73 250 325 178 381 165 45 130 191 100 383 37 258 89 151 31 147 51 7 316 98 362 23 254 326 246 216 230 176 75 263 8 234 127 136 363 257 152 114 333 5 34 93 20 61 79 155 233 15 378 229 288 260 319 74 305 49 244 46 95 256 284 174 47 36 111 18 41 21 48 116 133 164 342 94 338 43 255 30 59 394 70 24 52 68 11 67 145 171 200 380
200 9 109 311 386 340 190 343 71 275 297
294
280
301
384
172
369
337
371
359
371 337 369 172 384 301 280 294 297 275 390 249 317 142 192 368 32 112 4 90 336 6 222 226 304 167 323 156 121 210 50 56 308 139 188 347
188 355 287 328 332 238 242
238 170 285 197 385 28 208 81 354 60 13 76 78 10 330 320 153 161 72 327 57 245 163 194 135 279 88 12 221 223 182 22 243 108 217 65 126 173 186 117 389 29 77 132 25 35 272 