0 181 277 321 141 42 27 64 115 154 295 367 
1 264 348 187 298 341 166 73 267 
2 251 248 209 148 395 299 185 83 14 82 
3 33 19 227 213 146 236 38 387 116 215 252 
4 112 32 265 293 368 118 365 90 6 
5 333 114 34 152 269 363 257 168 
6 336 293 90 118 112 222 4 32 301 
7 51 143 147 291 62 151 316 357 31 101 
8 263 75 176 398 315 349 80 234 270 
9 200 240 171 218 306 109 219 26 239 311 
10 78 392 81 313 330 354 76 60 
11 68 103 69 67 52 373 207 59 97 
12 88 279 221 163 142 317 194 135 223 245 
13 60 332 170 76 354 208 285 238 28 81 197 
14 82 209 2 251 299 324 248 184 
15 378 233 382 155 318 79 282 20 229 
16 54 169 175 247 137 131 66 105 39 202 
17 205 102 159 120 201 273 309 361 241 
18 111 284 36 256 47 174 229 41 
19 3 38 215 227 387 213 373 207 
20 15 93 61 318 80 382 396 398 282 198 233 
21 41 212 174 47 36 290 155 48 116 342 
22 182 384 223 280 301 222 243 221 226 
23 362 98 267 300 399 254 316 357 
24 70 394 358 314 86 52 59 375 
25 132 77 276 162 35 389 271 224 29 
26 9 344 157 110 240 218 306 374 228 67 145 219 
27 0 321 350 367 261 42 141 181 115 184 277 
28 385 197 285 242 208 238 170 13 
29 389 276 117 77 162 25 186 35 173 347 
30 255 338 94 43 150 59 164 133 
31 151 89 99 258 166 147 7 316 
32 4 6 112 368 265 293 294 192 306 90 
33 3 146 236 252 48 213 227 124 
34 5 333 114 363 270 93 152 61 
35 25 29 276 366 225 77 272 132 356 117 186 353 389 
36 18 21 47 174 41 284 290 111 342 
37 383 130 322 100 292 191 189 258 
38 3 19 227 387 215 374 373 377 
39 247 202 63 16 345 372 137 107 
40 122 158 113 329 129 92 303 134 364 
41 18 21 36 290 155 47 174 79 48 212 284 
42 0 27 141 211 55 277 321 181 138 261 350 
43 30 338 255 133 59 207 150 203 52 103 
44 236 377 252 168 195 387 124 227 
45 165 381 262 178 346 253 325 130 295 
46 244 246 216 230 305 49 288 95 
47 18 21 36 41 174 290 155 284 111 342 
48 21 33 41 146 290 213 79 198 116 155 212 
49 46 305 246 326 288 254 399 244 74 260 300 319 
50 210 179 56 359 204 266 323 177 
51 7 147 143 291 62 151 316 357 101 296 
52 11 24 59 103 43 68 255 394 207 70 86 314 358 
53 278 199 283 120 91 63 102 159 58 180 202 
54 16 169 175 131 105 247 137 66 106 202 312 
55 42 138 351 211 141 128 64 277 181 
56 50 210 359 371 323 204 266 337 308 
57 327 153 320 72 161 245 379 287 182 328 
58 180 283 235 91 361 202 53 278 304 
59 11 24 30 43 52 255 338 103 394 133 70 86 
60 10 13 76 354 208 332 81 285 170 78 197 238 242 
61 20 34 396 93 318 198 79 382 80 
62 7 51 143 291 147 101 357 151 
63 39 53 372 345 199 64 107 128 289 
64 0 55 63 128 372 345 277 351 181 199 289 
65 217 243 108 379 139 126 287 308 172 188 
66 16 54 312 175 169 106 339 87 131 303 
67 11 69 157 145 68 373 219 26 97 239 
68 11 52 67 103 69 373 97 281 375 
69 11 67 68 373 157 145 103 
70 24 394 358 314 86 52 59 375 
71 343 380 311 386 275 190 340 200 
72 57 161 153 328 327 287 330 320 392 
73 1 220 341 298 160 187 144 237 250 264 348 
74 319 260 305 288 49 326 246 254 
75 8 263 176 315 398 80 230 216 
76 10 13 60 354 208 81 332 285 78 170 197 242 
77 25 29 35 132 276 162 389 366 117 225 
78 10 76 392 81 354 330 60 328 
79 15 41 48 61 155 318 290 198 396 
80 8 20 61 75 398 315 93 282 263 176 
81 10 60 76 78 354 208 285 13 
82 14 209 2 251 324 299 248 185 
83 2 185 307 334 193 395 104 209 85 196 248 251 324 
84 140 331 391 324 334 104 85 
85 83 84 104 193 307 334 391 185 196 140 331 397 
86 24 70 314 358 375 394 52 59 
87 66 360 339 303 329 106 271 224 312 
88 12 279 221 163 142 245 317 135 194 223 
89 31 258 99 151 292 322 166 383 100 
90 4 6 293 118 336 112 269 32 
91 53 58 283 361 180 159 278 201 235 
92 40 134 113 158 214 335 122 123 397 
93 20 34 61 80 398 396 318 382 282 
94 30 342 164 150 255 338 203 133 
95 46 229 233 378 256 216 282 288 382 111 244 
96 183 393 370 144 349 237 125 259 149 
97 68 281 239 375 219 145 11 67 
98 23 362 316 357 296 267 300 399 
99 31 89 166 151 292 258 267 322 
100 37 383 191 258 322 130 292 89 
101 62 296 357 316 291 147 51 7 143 
102 17 53 120 273 278 199 205 159 289 
103 11 52 59 68 69 207 373 43 
104 83 84 85 193 334 307 391 185 324 140 331 
105 16 54 131 106 169 137 303 247 175 329 364 
106 66 87 105 169 131 303 54 329 175 312 360 
107 39 63 231 345 372 128 137 247 351 
108 65 217 243 139 126 308 172 379 
109 9 171 239 219 200 145 311 281 
110 26 344 228 365 218 306 374 240 157 265 
111 18 36 284 256 229 47 174 95 
112 4 6 32 90 293 265 368 118 365 
113 40 92 158 134 122 129 196 214 397 
114 5 34 152 257 363 333 269 302 
115 295 154 367 321 27 0 184 253 
116 48 213 212 203 150 21 3 133 164 
117 29 186 389 276 35 347 366 77 
118 4 6 90 112 293 269 195 377 168 265 336 
119 148 352 211 248 299 395 138 251 
120 17 53 102 273 199 278 289 159 
121 156 323 167 337 359 371 304 210 369 
122 40 92 113 129 364 158 329 303 134 
123 92 335 353 356 214 232 272 225 134 
124 33 44 252 168 236 333 146 269 
125 96 370 310 393 349 286 309 183 234 127 206 241 270 
126 65 108 139 308 217 243 188 173 347 
127 234 270 206 286 136 309 125 370 
128 55 63 64 107 372 345 231 351 138 
129 40 113 122 364 158 352 138 351 
130 37 45 100 346 268 165 383 189 322 191 178 
131 16 54 105 106 137 169 247 66 175 231 364 
132 25 35 77 276 162 271 356 389 
133 30 43 59 94 116 338 203 150 207 255 164 
134 40 92 113 123 158 214 335 122 232 397 
135 12 88 194 163 279 245 320 313 
136 127 302 206 363 270 201 286 234 152 205 257 
137 16 39 54 105 107 131 247 231 345 372 
138 55 119 128 129 351 211 141 42 364 
139 65 108 126 217 308 243 188 173 355 
140 84 331 391 334 104 324 85 193 
141 0 27 42 55 138 211 277 181 321 261 350 
142 12 88 317 297 221 192 390 279 223 249 280 294 
143 7 51 62 101 147 291 151 316 357 
144 73 96 220 237 250 349 298 183 
145 67 69 97 109 219 171 239 157 26 281 
146 3 33 48 124 213 236 252 198 
147 7 31 51 62 101 143 291 151 316 357 296 
148 2 119 248 395 251 352 299 209 
149 388 259 274 253 376 154 262 96 
150 30 43 94 116 133 203 164 338 212 255 342 
151 7 31 51 62 89 99 143 147 316 
152 5 34 114 257 363 302 136 333 269 
153 57 72 320 327 161 330 245 328 287 392 
154 115 149 274 388 253 295 262 0 
155 15 21 41 47 48 79 290 318 378 198 233 
156 121 323 359 167 371 337 210 304 
157 26 67 69 145 344 110 240 219 171 373 
158 40 92 113 122 129 134 196 364 
159 17 53 91 102 120 361 205 201 283 278 180 302 
160 73 189 341 250 220 237 322 268 292 
161 57 72 153 328 287 330 327 320 355 
162 25 29 77 132 177 224 271 389 204 266 
163 12 88 135 194 245 279 320 221 313 
164 30 94 133 150 203 212 342 338 116 255 
165 45 130 381 178 346 325 262 268 376 
166 1 31 89 99 267 264 341 187 348 
167 121 156 304 323 235 337 359 371 
168 5 44 118 124 252 269 236 333 377 
169 16 54 66 105 106 131 175 312 303 
170 13 28 60 238 332 76 208 285 354 385 
171 9 109 145 219 200 239 157 240 281 
172 108 369 243 337 384 371 217 65 226 308 
173 126 139 347 188 355 308 186 29 
174 18 21 36 41 47 111 284 290 212 342 
175 16 54 66 169 312 106 105 131 
176 8 75 263 230 315 216 398 80 
177 50 162 204 266 224 271 179 210 
178 45 165 381 325 346 262 376 268 130 259 
179 50 177 210 339 224 204 312 266 271 
180 58 91 283 235 361 202 159 53 
181 0 27 42 141 277 321 64 55 
182 22 223 245 379 327 57 280 221 243 384 
183 96 125 144 393 370 349 310 241 
184 14 115 261 367 350 27 321 299 
185 2 82 83 85 104 334 307 395 209 324 248 193 196 251 
186 29 117 173 347 389 276 35 366 
187 1 73 166 298 264 348 341 220 
188 126 139 173 355 347 217 308 65 
189 37 130 160 322 292 268 250 341 
190 71 340 386 380 275 343 194 279 313 
191 37 100 130 383 322 258 292 346 
192 32 142 294 390 297 317 368 249 221 280 
193 83 85 104 140 185 307 334 196 395 391 397 
194 12 135 163 190 279 88 340 313 
195 44 118 377 228 365 374 387 265 
196 85 113 158 193 352 307 395 83 185 397 
197 28 285 385 208 242 60 76 13 238 
198 48 61 79 146 155 396 318 20 290 
199 53 63 102 120 289 278 273 64 
200 9 71 109 171 311 240 218 219 380 
201 17 91 136 159 302 205 361 363 257 
202 39 58 180 16 247 53 54 283 235 
203 43 94 116 133 150 164 212 338 255 207 
204 50 56 162 177 179 266 210 224 
205 17 102 159 201 361 302 206 136 
206 127 136 205 286 309 234 270 310 125 302 
207 11 19 43 52 103 133 215 373 338 203 
208 13 28 60 76 81 170 197 285 354 238 242 385 
209 2 14 82 83 148 185 251 248 324 395 334 
210 50 56 121 156 177 179 204 359 323 371 266 
211 42 55 119 138 141 351 350 299 
212 21 116 150 164 174 203 213 48 41 
213 3 19 33 48 116 146 212 215 
214 92 113 123 134 232 335 353 356 272 397 
215 19 38 207 373 227 3 387 213 
216 46 75 95 176 244 282 246 230 315 263 
217 65 108 126 139 172 188 243 379 308 287 355 
218 9 26 110 200 240 306 344 265 365 
219 9 67 97 109 145 157 171 200 239 26 281 
220 73 144 160 187 237 341 298 250 
221 12 22 88 142 163 182 192 223 280 317 279 297 245 
222 6 22 301 280 384 226 223 336 
223 22 182 221 222 280 142 245 88 12 301 
224 25 87 162 177 179 204 271 339 360 266 
225 35 123 366 272 353 356 276 77 232 
226 222 384 301 369 172 304 22 337 336 
227 3 19 33 38 44 215 387 236 377 
228 26 110 195 365 374 265 344 377 306 
229 18 95 111 256 378 288 233 15 284 
230 46 75 176 216 244 263 246 348 
231 107 128 137 345 372 247 351 131 
232 123 214 335 272 353 356 225 134 
233 15 95 155 229 378 382 282 318 20 256 
234 8 125 127 136 206 270 286 309 370 
235 58 167 180 304 283 91 202 361 
236 3 33 44 124 146 168 227 252 377 
237 73 96 144 160 220 250 268 341 
238 13 28 170 332 285 197 60 208 242 385 
239 97 109 145 171 219 281 67 9 
240 9 26 110 157 171 200 218 306 344 
241 183 310 393 273 309 286 125 17 
242 28 197 385 285 208 238 60 76 
243 22 65 108 126 139 172 217 379 182 308 
244 46 49 216 230 246 305 288 95 
245 57 88 135 153 163 182 223 320 327 221 12 
246 46 49 74 216 230 244 305 288 326 319 
247 16 39 54 105 107 131 137 202 231 345 372 
248 2 14 82 119 148 185 209 251 395 83 299 352 
249 192 390 275 368 297 317 294 142 380 
250 73 144 160 189 220 237 268 325 346 
251 2 14 82 119 148 209 248 395 185 299 83 324 
252 33 44 124 146 168 236 377 3 
253 45 115 149 154 262 274 376 388 381 259 295 
254 23 49 74 399 326 300 362 305 267 260 
255 30 43 52 59 94 133 150 203 338 164 
256 18 95 111 229 288 378 233 319 284 
257 5 114 152 363 302 201 136 269 
258 31 37 89 99 100 191 292 322 383 
259 96 149 253 376 325 262 178 381 274 388 
260 74 319 288 305 49 326 254 300 
261 27 184 367 350 321 299 42 141 
262 45 149 154 165 178 253 259 376 381 325 346 274 388 
263 8 75 80 176 230 315 398 216 
264 1 166 187 348 298 341 73 267 
265 4 32 112 118 195 218 228 365 306 110 293 
266 50 56 177 179 204 210 224 162 
267 1 23 98 99 166 254 264 362 348 399 300 
268 130 160 165 178 189 237 250 346 325 381 
269 5 90 114 118 124 168 257 333 152 
270 34 127 136 206 234 286 309 125 8 
271 25 87 132 162 177 224 339 360 179 
272 35 123 214 225 232 353 356 366 335 276 
273 17 102 120 199 241 289 310 278 
274 149 154 253 388 259 262 376 289 295 
275 71 190 249 380 317 297 390 279 311 343 386 
276 25 29 35 77 117 132 186 225 272 366 389 
277 0 42 55 64 141 181 321 27 
278 53 58 91 102 120 159 199 273 283 361 289 
279 12 88 135 142 163 190 194 221 275 317 297 313 
280 22 182 221 222 223 142 294 192 301 
281 97 109 239 219 145 171 375 68 
282 15 20 80 93 95 216 233 382 315 378 
283 53 58 91 159 180 202 235 278 361 
284 18 36 47 111 174 256 229 41 
285 13 28 60 76 81 170 197 208 238 242 385 
286 125 127 136 206 234 241 270 309 310 370 
287 57 65 72 161 217 379 328 327 153 355 
288 46 49 74 95 229 244 246 256 260 305 319 
289 120 199 273 274 102 388 64 63 278 
290 21 36 41 47 48 79 155 174 198 318 
291 7 51 62 101 143 147 357 316 296 
292 37 89 99 100 189 191 258 322 383 160 
293 4 6 32 90 112 118 336 265 
294 32 192 249 280 390 297 368 142 317 
295 115 154 253 367 321 45 274 0 
296 98 101 357 316 291 147 362 51 
297 142 192 221 249 275 279 294 317 390 368 
298 1 73 144 187 220 264 341 348 
299 2 14 82 119 148 184 211 251 261 350 248 367 
300 23 98 254 260 399 326 362 49 267 
301 22 222 226 384 280 223 336 6 
302 114 136 152 201 205 257 363 206 159 
303 40 87 105 106 122 329 360 339 66 169 
304 121 156 167 226 235 337 323 369 58 
305 46 49 74 244 246 254 260 288 319 326 
306 9 26 32 110 218 228 240 265 344 365 
307 83 85 104 185 193 196 334 395 324 
308 65 108 126 139 173 188 217 56 172 243 
309 17 125 127 206 234 241 270 286 310 370 393 
310 125 183 206 241 273 286 309 393 370 349 
311 71 109 200 343 380 275 386 9 
312 66 169 175 179 339 106 54 87 
313 10 135 194 340 190 392 163 279 
314 24 70 86 358 375 394 52 
315 8 75 80 176 216 263 282 398 
316 7 23 31 51 98 101 143 147 151 291 296 357 362 
317 12 88 142 192 221 249 275 279 294 297 390 
318 15 20 61 79 93 155 198 233 290 396 382 378 
319 74 256 260 288 305 49 326 246 
320 57 72 135 153 161 163 245 327 330 392 
321 0 27 42 115 141 181 184 261 277 295 367 350 
322 37 89 99 100 130 160 189 191 258 292 383 
323 50 56 121 156 167 210 304 359 371 337 369 
324 14 82 84 104 140 185 209 334 83 251 307 331 
325 45 165 178 250 259 262 268 376 381 346 
326 49 74 246 254 260 300 305 319 399 
327 57 72 153 161 182 245 287 320 379 
328 72 78 153 161 287 330 57 354 332 355 
329 40 87 106 122 303 360 339 105 
330 10 72 78 153 161 320 328 392 354 
331 84 140 391 104 334 85 324 
332 13 60 76 170 238 354 328 355 
333 5 34 114 124 152 168 269 
334 83 84 85 104 140 185 193 209 307 324 331 391 
335 92 123 134 214 232 272 356 353 
336 6 90 222 293 301 118 226 
337 56 121 156 167 172 226 304 323 371 369 359 
338 30 43 59 94 133 150 164 203 207 255 
339 66 87 179 224 271 303 312 329 360 
340 71 190 194 313 386 380 343 
341 1 73 160 166 187 189 220 237 264 298 348 
342 94 164 174 36 150 47 21 
343 71 190 311 340 380 386 275 
344 26 110 157 218 228 240 306 374 
345 39 63 64 107 128 137 231 247 372 351 
346 45 130 165 178 191 250 262 268 325 381 376 
347 117 173 186 188 29 389 355 126 
348 1 166 187 230 264 267 298 341 73 
349 8 96 125 144 183 370 393 310 
350 27 184 211 261 299 321 367 42 141 
351 55 64 107 128 129 138 211 231 372 345 364 
352 119 129 148 196 395 248 364 
353 123 214 225 232 272 335 356 35 366 
354 10 13 60 76 78 81 170 208 328 332 330 392 
355 173 188 332 347 287 139 328 217 161 
356 35 123 132 214 225 232 272 335 353 366 
357 7 23 51 62 98 101 143 147 291 296 316 362 
358 24 70 86 314 394 375 52 
359 50 56 121 156 167 210 323 337 371 
360 87 224 271 303 329 339 106 
361 17 58 91 159 180 201 205 235 278 283 
362 23 98 254 267 296 300 399 316 357 
363 5 34 114 136 152 201 257 302 
364 122 129 138 158 352 40 351 131 105 
365 4 110 112 195 218 228 265 306 374 377 
366 35 77 117 186 225 272 276 353 356 
367 27 115 184 261 295 321 350 299 0 
368 4 32 112 192 249 294 390 297 
369 172 226 304 337 371 384 121 323 
370 96 125 127 183 234 286 309 310 349 393 
371 56 121 156 167 172 210 323 337 359 369 
372 39 63 64 107 128 231 247 345 351 137 
373 11 19 38 67 68 69 103 207 215 157 
374 26 38 110 195 228 365 387 344 377 
375 24 70 86 97 281 314 358 68 
376 149 165 178 253 259 262 274 325 346 381 
377 38 44 118 168 195 227 228 236 252 365 387 374 
378 15 95 155 229 233 256 282 382 318 
379 57 65 108 182 217 243 287 327 
380 71 190 200 275 311 340 343 386 249 
381 45 165 178 253 259 262 268 325 346 376 
382 15 20 61 93 95 233 282 318 378 396 
383 37 89 100 130 191 258 292 322 
384 22 172 222 226 301 369 182 
385 28 197 242 285 208 238 170 
386 71 190 311 340 343 380 275 
387 3 19 38 44 195 215 227 374 377 
388 149 154 253 274 289 259 262 
389 25 29 77 117 132 162 186 276 347 35 
390 142 192 249 275 294 297 317 368 
391 84 85 104 140 331 334 193 
392 10 78 313 330 153 320 354 72 
393 96 125 183 241 310 349 370 309 
394 24 52 59 70 86 314 358 
395 2 83 119 148 185 193 196 209 248 251 307 352 
396 20 61 79 93 198 318 382 
397 85 113 214 193 134 196 92 
398 8 20 75 80 93 176 263 315 
399 23 49 98 254 267 300 326 362 
